000000 000000 000000 000000 000000 000000 000000 000000 000000 000000 000000 000000 000000 000000 000000 000000 000000 000000 000000 000000 000000 000000 000000 000000 000000 000000 000000 000000 000000 000000 000000 000000 000000 000000 000000 000000 000000 000000 000000 000000 000000 000000 000000 000000 000000 000000 000000 000000 000000 000000 000000 000000 000000 000000 000000 000000 000000 000000 000000 000000 000000 000000 000000 000000
000000 000000 000000 000000 000000 000000 000000 000000 000000 000000 000000 000000 000000 000000 000000 000000 000000 000000 000000 000000 000000 000000 000000 000000 000000 000000 000000 000000 000000 000000 000000 000000 000000 000000 000000 000000 000000 000000 000000 000000 000000 000000 000000 000000 000000 000000 000000 000000 000000 000000 000000 000000 000000 000000 000000 000000 000000 000000 000000 000000 000000 000000 000000 000000
000000 000000 000000 000000 000000 000000 000000 000000 000000 000000 000000 000000 000000 000000 000000 000000 000000 000000 000000 000000 000000 000000 000000 000000 000000 000000 000000 000000 000000 000000 000000 000000 000000 000000 000000 000000 000000 000000 010101 000000 000000 010101 000000 000000 000000 000000 000000 000000 000000 000000 000000 000000 000000 000000 020202 000000 000000 020202 000000 000000 000000 000000 000000 000000
000000 000000 000000 000000 000000 000000 040404 000000 000000 040404 000000 000000 000000 000000 000000 000000 000000 000000 000000 000000 000000 000000 070707 000000 000000 080808 000000 000000 000000 000000 000000 000000 000000 000000 000000 000000 000000 000000 0c0c0c 0f0f0f 0f0f0f 0d0d0d 000000 000000 000000 000000 000000 000000 000000 000000 000000 000000 000000 000000 141414 2b2b2b 2c2c2c 151515 000000 000000 000000 000000 000000 000000
000000 000000 000000 000000 000000 000000 1d1d1d 4d4d4d 4e4e4e 1d1d1d 000000 000000 000000 000000 000000 000000 000000 000000 000000 000000 000000 000000 252525 6b6b6b 6c6c6c 252525 000000 000000 000000 000000 000000 000000 000000 000000 000000 090909 080808 000000 2b2b2b 7c7c7c 7d7d7d 2b2b2b 000000 080808 090909 000000 000000 000000 000000 000000 000000 1b1b1b 1b1b1b 000000 303030 848484 848484 303030 000000 1c1c1c 1b1b1b 000000 000000 000000
000000 000000 000000 313131 333333 000000 343434 868686 868686 343434 000000 343434 303030 000000 000000 000000 000000 000000 000000 464646 4b4b4b 000000 353535 888888 878787 353535 000000 4c4c4c 454545 000000 000000 000000 000000 000000 010101 595959 5f5f5f 0a0a0a 333333 8b8b8b 8a8a8a 333333 0a0a0a 606060 585858 010101 000000 000000 000000 000000 030303 6d6d6d 737373 202020 2a2a2a 8d8d8d 8c8c8c 2a2a2a 202020 737373 6b6b6b 030303 000000 000000
000000 000000 070707 7f7f7f 858585 3b3b3b 1f1f1f 8f8f8f 8e8e8e 202020 3b3b3b 858585 7e7e7e 070707 000000 000000 000000 000000 0e0e0e 8e8e8e 949494 555555 1a1a1a 919191 909090 1b1b1b 555555 939393 8d8d8d 0f0f0f 000000 000000 000000 000000 1b1b1b 979797 9c9c9c 686868 212121 939393 929292 222222 696969 9b9b9b 969696 1b1b1b 000000 000000 000000 000000 2f2f2f 9a9a9a 9e9e9e 7a7a7a 353535 959595 949494 363636 7b7b7b 9d9d9d 999999 2e2e2e 000000 000000
000000 000000 464646 9a9a9a 9c9c9c 898989 4e4e4e 979797 979797 4e4e4e 898989 9c9c9c 9a9a9a 444444 000000 000000 000000 000000 5c5c5c 999999 999999 959595 646464 999999 989898 646464 959595 999999 999999 595959 000000 000000 000000 040404 6d6d6d 999999 999999 9c9c9c 727272 999999 999999 727272 9c9c9c 999999 9a9a9a 6a6a6a 030303 000000 000000 0b0b0b 7e7e7e 9b9b9b 9a9a9a 9e9e9e 797979 999999 9a9a9a 797979 9f9f9f 999999 9b9b9b 7c7c7c 0a0a0a 000000
000000 141414 8d8d8d 9b9b9b 9a9a9a 9e9e9e 7e7e7e 999999 999999 7d7d7d 9e9e9e 999999 9c9c9c 8b8b8b 121212 000000 000000 1f1f1f 969696 9a9a9a 9a9a9a 9a9a9a 7f7f7f 989898 999999 7f7f7f 9b9b9b 999999 9b9b9b 959595 1c1c1c 000000 000000 2d2d2d 979797 969696 989898 969696 7e7e7e 989898 999999 7f7f7f 979797 979797 979797 979797 2a2a2a 000000 020202 434343 909090 919191 979797 8f8f8f 7b7b7b 989898 999999 7c7c7c 909090 969696 929292 909090 3f3f3f 020202
030303 595959 848484 898989 959595 878787 767676 999999 999999 767676 878787 949494 8a8a8a 848484 565656 030303 040404 666666 767676 7e7e7e 909090 7b7b7b 6e6e6e 999999 999999 6f6f6f 7b7b7b 8f8f8f 7f7f7f 767676 636363 040404 060606 626262 686868 6c6c6c 898989 6b6b6b 636363 9a9a9a 9a9a9a 646464 6b6b6b 888888 6d6d6d 686868 5f5f5f 060606 070707 4a4a4a 595959 505050 7e7e7e 545454 545454 9f9f9f 9f9f9f 555555 545454 7e7e7e 515151 5a5a5a 484848 070707
080808 292929 494949 313131 727272 3b3b3b 424242 a3a3a3 a3a3a3 434343 3a3a3a 717171 323232 4a4a4a 282828 080808 090909 0d0d0d 393939 161616 636363 242424 333333 9f9f9f 9f9f9f 343434 242424 636363 171717 3a3a3a 0d0d0d 080808 080808 000000 2b2b2b 070707 525252 151515 282828 8c8c8c 8c8c8c 292929 141414 525252 080808 2c2c2c 000000 070707 060606 000000 1c1c1c 010101 3b3b3b 0c0c0c 212121 666666 676767 222222 0b0b0b 3b3b3b 010101 1d1d1d 000000 050505
030303 000000 0f0f0f 000000 242424 060606 1c1c1c 3a3a3a 3b3b3b 1d1d1d 050505 232323 000000 0f0f0f 000000 030303 010101 000000 040404 000000 101010 020202 191919 151515 161616 1a1a1a 020202 0f0f0f 000000 040404 000000 010101 000000 000000 000000 000000 040404 000000 181818 030303 040404 191919 000000 030303 000000 000000 000000 000000 000000 000000 000000 000000 000000 000000 1b1b1b 010101 020202 1b1b1b 000000 000000 000000 000000 000000 000000
000000 000000 000000 000000 000000 000000 1f1f1f 070707 070707 1f1f1f 000000 000000 000000 000000 000000 000000 000000 000000 000000 000000 000000 000000 222222 0d0d0d 0d0d0d 212121 000000 000000 000000 000000 000000 000000 000000 000000 000000 000000 000000 000000 1f1f1f 0d0d0d 0d0d0d 1e1e1e 000000 000000 000000 000000 000000 000000 000000 000000 000000 000000 000000 000000 161616 0a0a0a 090909 151515 000000 000000 000000 000000 000000 000000
000000 000000 000000 000000 000000 000000 0c0c0c 050505 050505 0b0b0b 000000 000000 000000 000000 000000 000000 000000 000000 000000 000000 000000 000000 030303 010101 010101 030303 000000 000000 000000 000000 000000 000000 000000 000000 000000 000000 000000 000000 000000 000000 000000 000000 000000 000000 000000 000000 000000 000000 000000 000000 000000 000000 000000 000000 000000 000000 000000 000000 000000 000000 000000 000000 000000 000000
000000 000000 000000 000000 000000 000000 000000 000000 000000 000000 000000 000000 000000 000000 000000 000000 000000 000000 000000 000000 000000 000000 000000 000000 000000 000000 000000 000000 000000 000000 000000 000000 000000 000000 000000 000000 000000 000000 000000 000000 000000 000000 000000 000000 000000 000000 000000 000000 000000 000000 000000 000000 000000 000000 000000 000000 000000 000000 000000 000000 000000 000000 000000 000000
000000 000000 000000 000000 000000 000000 000000 000000 000000 000000 000000 000000 000000 000000 000000 000000 000000 000000 000000 000000 000000 000000 000000 000000 000000 000000 000000 000000 000000 000000 000000 000000 000000 000000 000000 000000 000000 000000 000000 000000 000000 000000 000000 000000 000000 000000 000000 000000 000000 000000 000000 000000 000000 000000 000000 000000 000000 000000 000000 000000 000000 000000 000000 000000
